0.995965477479793
0.663059075224421
0.997861844424004
0.192491241191513
0.967491049678922
0.316702535621661
0.291037270454614
0.133516773015459
0.622033292459226
0.559611899258449
0.626420550852508
0.625677566272915
0.752970310752946
0.654743374811635
0.240106783396939
0.476734230307425
0.725923673067032
0.282713296215474
0.863428587965511
0.604840300863285
0.88069252323439
0.795926528948903
0.789843979097882
0.551130930846365
0.277865459194052
0.979792197393926
0.593621012908158
0.649012411781605
0.707792425568415
0.67849313029167
0.698220244054324
0.542994284106803
0.68353462959362
0.520605902734461
0.520436560779585
0.678938450453028
0.293551403911555
0.862707978381068
0.545442533943641
0.46658934258594
0.818799863108049
0.266799064579048
0.394625614137839
0.76650004270762
0.438612450324212
0.269535883374758
0.224503406023281
0.434275367659089
0.375562044836569
0.403119381266445
0.610221782484705
0.62745217757059
0.243356859928548
0.349802029812903
0.469329917405394
0.186811708132236
0.299535706611675
0.397649519835721
0.575551079850509
0.301941861379514
0.443696603082435
0.47829317110265
0.31329956424759
0.187511378326253
0.205784136635683
0.287850515729707
0.456932833870244
0.307951942959408
0.491769898563313
0.420131864701164
0.758031143875006
