0.135585074032693
0.492816163558232
0.829895380208086
0.546896412866715
0.994420243343376
0.98595977420545
0.310957468377079
0.773160013913759
0.871769186713212
0.865235803257206
0.970965995341136
0.861371157355076
0.994123054800357
0.911808887197843
0.968178886658833
0.879030693870394
0.991110915808625
0.9712872634179
0.906468298123706
0.927899576481391
0.966989722299191
0.992630353001356
0.9011767501425
0.750220408974727
0.576252809115809
0.724156533359111
0.957010676301928
0.392625378552968
0.790915376793128
0.87494589525852
0.981558626922526
0.368337459062119
0.975081424732374
0.880254469904331
0.958196438935125
0.972482642554208
0.084517321991109
0.114766905280512
0.162290081114956
0.228470493474916
0.201144897034752
0.529038363340494
0.624422332700001
0.2283886157633
0.0113921081433135
0.444937128676412
0.0539385145887069
0.0077932067417233
0.0568627527804977
0.744219231239185
0.181217352583852
0.352711033999254
0.336514368415595
0.104873562741702
0.938484876133165
0.631017326394499
0.284626960986431
0.266183302805985
0.21069083536079
0.257524276762398
0.24388780300834
0.0587422654766954
0.0123871116595409
0.0761283784655744
0.00137337996757986
0.00627868392748004
0.143772281542259
0.0233838957881541
0.0056986458996187
0.944958967727906
0.569153526053965
