0.302594400580885
0.472919987425942
0.946178066323998
0.564751067557658
0.999341146801941
0.988712944358198
0.276195260601536
0.786968497693682
0.858967101566607
0.777341121836519
0.963835058958158
0.807515447257057
0.994758592561788
0.898020288036807
0.966084387060822
0.906313357254073
0.984479452392907
0.859763848351767
0.961851537152323
0.917941128054795
0.98306476657063
0.990187223468966
0.916501087031547
0.712841890720569
0.310309335113669
0.816079569036975
0.906771799120864
0.353126725716885
0.720826269077644
0.746206608183619
0.963317008578059
0.43308279005636
0.987965331054877
0.872623285960929
0.914596499001923
0.954963370843777
0.0835292596947292
0.160669810245795
0.200824877804725
0.290901682570321
0.255365739191302
0.466163679448249
0.486434283117103
0.168797466611192
0.00940389096851027
0.487980824147502
0.151062141296872
0.0122330872572694
0.0200279398000856
0.70526426639656
0.16695874483691
0.270682021228528
0.52113436003095
0.0867606294595142
0.90899823454677
0.643480615159172
0.301627737892523
0.186998798257074
0.261930690300543
0.273932240079062
0.328000067679112
0.0745856421019149
0.00619265061885109
0.141174696139808
0.00164070419414675
0.00503334291748916
0.108058702803753
0.0198097718832265
0.00638766566847206
0.939178991002643
0.660885311814056
